report=training/backtest_report_wf_state_sweep_C.json
cycles_used=10
grid=3x3=9

Top 10 by total_pnl / profit_factor / avg_day:
 long_prob  short_prob  trades  total_pnl  profit_factor   avg_day  trade_max_drawdown  daily_max_drawdown  positive_days_pct  win_rate_pct
      0.62        0.64    1262    5249.84       1.655120 83.330794             -247.93             -148.19          82.539683     47.860539
      0.64        0.64    1249    5232.63       1.656090 83.057619             -247.93             -136.51          84.126984     48.118495
      0.63        0.64    1255    5219.49       1.650456 82.849048             -247.93             -145.46          84.126984     47.968127
      0.62        0.63    1268    5212.72       1.645517 82.741587             -242.13             -148.19          79.365079     48.028391
      0.62        0.62    1277    5197.76       1.640193 82.504127             -242.13             -145.56          79.365079     48.081441
      0.64        0.63    1257    5157.38       1.640249 81.863175             -242.13             -136.51          80.952381     48.210024
      0.64        0.62    1265    5156.69       1.638228 81.852222             -242.13             -136.51          80.952381     48.221344
      0.63        0.62    1272    5153.58       1.633902 81.802857             -242.13             -142.83          80.952381     48.191824
      0.63        0.63    1263    5144.24       1.634767 81.654603             -242.13             -145.46          80.952381     48.060174
